0 0 0
1 1 0.1
2 4 0.4
3 9 0.9
4 16 1.6
5 25 2.5
6 36 3.6
7 49 4.9
8 64 6.4
9 81 8.1
10 100 10
11 121 12.1
12 144 14.4
13 169 16.9
14 196 19.6
15 225 22.5
16 256 25.6
17 289 28.9
18 324 32.4
19 361 36.1
20 400 40
21 441 44.1
22 484 48.4
23 529 52.9
24 576 57.6
25 625 62.5
26 676 67.6
27 729 72.9
28 784 78.4
29 841 84.1
30 900 90
31 961 96.1
32 1024 102.4
33 1089 108.9
34 1156 115.6
35 1225 122.5
36 1296 129.6
37 1369 136.9
38 1444 144.4
39 1521 152.1
40 1600 160
41 1681 168.1
42 1764 176.4
43 1849 184.9
44 1936 193.6
45 2025 202.5
46 2116 211.6
47 2209 220.9
48 2304 230.4
49 2401 240.1
